10000
0 2
0 22
0 46
0 62
0 69
0 111
0 133
0 157
0 181
0 190
0 228
0 235
0 237
0 271
0 320
0 325
0 343
0 350
0 378
0 398
0 442
0 457
1 31
1 74
1 75
1 79
1 88
1 104
1 106
1 173
1 179
1 183
1 184
1 201
1 213
1 235
1 251
1 256
1 271
1 275
1 333
1 334
1 369
1 375
1 395
1 429
1 432
2 70
2 161
2 230
2 267
2 309
2 320
2 357
2 403
2 409
2 412
2 465
2 470
2 498
3 2
3 19
3 78
3 141
3 143
3 157
3 161
3 199
3 264
3 269
3 303
3 310
3 341
3 352
3 367
3 381
3 382
3 387
3 421
3 465
3 471
3 491
4 1
4 5
4 31
4 55
4 63
4 82
4 91
4 97
4 98
4 113
4 128
4 129
4 174
4 197
4 201
4 209
4 223
4 275
4 307
4 319
4 326
4 333
4 358
4 361
4 365
4 374
4 379
4 414
4 418
4 427
4 457
5 4
5 14
5 63
5 123
5 134
5 139
5 179
5 206
5 235
5 238
5 253
5 281
5 305
5 306
5 357
5 378
5 384
5 407
5 438
5 446
5 464
5 496
6 10
6 54
6 64
6 112
6 116
6 169
6 284
6 311
6 387
6 392
6 397
6 398
6 400
6 415
6 438
6 460
6 478
6 480
6 494
7 34
7 36
7 57
7 64
7 74
7 134
7 210
7 218
7 246
7 248
7 251
7 272
7 273
7 348
7 353
7 372
7 422
7 437
7 495
7 496
8 31
8 74
8 116
8 128
8 146
8 149
8 182
8 214
8 222
8 223
8 260
8 267
8 286
8 291
8 316
8 365
8 369
8 413
8 417
8 435
8 471
8 486
9 8
9 21
9 29
9 30
9 39
9 72
9 93
9 109
9 130
9 140
9 173
9 211
9 230
9 235
9 311
9 316
9 329
9 353
9 354
9 367
9 369
9 387
9 395
9 416
9 443
9 483
9 484
10 36
10 71
10 93
10 111
10 175
10 223
10 234
10 266
10 286
10 302
10 317
10 328
10 398
10 439
10 480
11 2
11 33
11 35
11 42
11 134
11 141
11 158
11 172
11 233
11 348
11 365
11 486
12 8
12 38
12 43
12 76
12 90
12 91
12 92
12 151
12 165
12 186
12 209
12 220
12 248
12 252
12 259
12 269
12 347
12 361
12 393
12 398
12 400
12 450
12 455
12 456
12 474
12 477
12 491
13 36
13 47
13 54
13 71
13 75
13 82
13 84
13 114
13 128
13 131
13 164
13 199
13 252
13 257
13 287
13 288
13 316
13 344
13 495
14 42
14 70
14 98
14 103
14 108
14 230
14 251
14 296
14 360
14 361
14 386
14 389
14 445
14 457
15 6
15 17
15 21
15 34
15 36
15 50
15 56
15 70
15 106
15 172
15 188
15 226
15 285
15 312
15 320
15 323
15 340
15 342
15 343
15 379
15 415
15 462
15 487
16 2
16 18
16 36
16 53
16 86
16 91
16 118
16 123
16 136
16 145
16 157
16 183
16 224
16 260
16 261
16 269
16 410
16 424
16 448
16 498
17 19
17 34
17 85
17 100
17 108
17 121
17 146
17 164
17 240
17 247
17 280
17 307
17 328
17 392
17 408
17 421
17 423
17 434
18 31
18 48
18 64
18 65
18 76
18 77
18 128
18 142
18 177
18 178
18 195
18 215
18 252
18 266
18 385
18 397
18 400
18 401
18 452
18 470
18 493
18 495
19 2
19 19
19 53
19 70
19 119
19 164
19 173
19 233
19 240
19 242
19 261
19 275
19 299
19 326
19 340
19 360
19 362
19 408
19 409
19 426
20 1
20 15
20 63
20 88
20 105
20 107
20 165
20 174
20 175
20 220
20 226
20 229
20 277
20 320
20 325
20 401
20 494
21 3
21 69
21 78
21 157
21 162
21 171
21 185
21 211
21 222
21 266
21 274
21 292
21 293
21 321
21 331
21 437
21 485
22 7
22 58
22 87
22 105
22 124
22 137
22 138
22 148
22 194
22 255
22 271
22 323
22 346
22 461
22 465
22 474
22 484
23 12
23 19
23 65
23 68
23 131
23 160
23 172
23 180
23 190
23 212
23 232
23 237
23 259
23 261
23 262
23 266
23 270
23 294
23 306
23 312
23 319
23 320
23 369
23 411
23 428
23 430
23 435
23 479
23 484
23 491
23 499
24 4
24 22
24 25
24 57
24 88
24 90
24 171
24 182
24 211
24 217
24 248
24 337
24 352
24 360
24 363
24 393
24 425
24 441
24 443
24 451
24 471
24 487
24 490
25 2
25 14
25 21
25 56
25 62
25 86
25 89
25 91
25 102
25 120
25 124
25 128
25 139
25 150
25 169
25 181
25 192
25 193
25 230
25 242
25 288
25 291
25 372
25 386
25 388
25 394
25 436
25 447
25 463
25 490
25 496
26 2
26 16
26 42
26 54
26 115
26 159
26 161
26 167
26 186
26 201
26 205
26 220
26 235
26 248
26 260
26 280
26 300
26 345
26 346
26 349
26 350
26 361
26 381
26 489
27 6
27 10
27 31
27 32
27 52
27 62
27 66
27 93
27 107
27 143
27 146
27 177
27 197
27 201
27 211
27 217
27 220
27 262
27 323
27 390
27 396
27 405
27 408
27 436
27 451
27 458
28 27
28 76
28 87
28 91
28 153
28 172
28 179
28 189
28 198
28 217
28 224
28 228
28 250
28 279
28 307
28 317
28 322
28 335
28 339
28 349
28 358
28 371
28 408
28 427
28 488
29 59
29 90
29 135
29 161
29 164
29 203
29 219
29 232
29 237
29 264
29 335
29 417
29 454
29 467
30 78
30 174
30 209
30 285
30 299
30 300
30 326
30 340
30 345
30 370
30 430
30 451
30 468
30 474
30 484
30 496
30 498
31 2
31 67
31 99
31 117
31 128
31 150
31 198
31 272
31 310
31 311
31 317
31 329
31 436
31 449
31 466
31 469
32 13
32 14
32 19
32 24
32 44
32 52
32 79
32 80
32 110
32 122
32 154
32 188
32 196
32 202
32 240
32 297
32 309
32 313
32 318
32 340
32 380
32 414
32 443
32 468
32 491
33 21
33 47
33 53
33 65
33 67
33 93
33 95
33 97
33 99
33 154
33 168
33 171
33 186
33 198
33 226
33 238
33 263
33 286
33 342
33 349
33 408
33 429
33 479
34 40
34 95
34 125
34 145
34 175
34 185
34 193
34 236
34 259
34 264
34 291
34 312
34 331
34 348
34 398
34 407
34 478
35 14
35 103
35 130
35 134
35 138
35 193
35 243
35 252
35 258
35 403
35 407
35 418
35 446
35 451
35 471
36 4
36 6
36 8
36 79
36 81
36 95
36 127
36 179
36 182
36 216
36 222
36 244
36 308
36 334
36 354
36 398
36 404
36 450
36 455
36 469
36 472
37 37
37 44
37 56
37 76
37 129
37 137
37 143
37 148
37 183
37 223
37 233
37 236
37 240
37 268
37 275
37 314
37 325
37 327
37 341
37 345
37 366
37 410
37 474
37 485
37 487
38 38
38 93
38 102
38 124
38 149
38 168
38 173
38 182
38 184
38 187
38 206
38 209
38 227
38 228
38 297
38 331
38 401
38 417
38 441
38 444
38 456
38 471
39 2
39 39
39 48
39 53
39 124
39 129
39 132
39 169
39 173
39 174
39 192
39 197
39 201
39 213
39 229
39 247
39 297
39 302
39 310
39 362
39 376
39 403
39 416
39 450
39 467
40 0
40 41
40 74
40 78
40 80
40 94
40 117
40 120
40 136
40 170
40 217
40 221
40 260
40 293
40 297
40 317
40 345
40 384
40 413
40 426
40 439
40 446
40 460
41 27
41 62
41 69
41 93
41 94
41 190
41 216
41 296
41 344
41 348
41 382
41 406
41 466
41 470
41 482
42 26
42 70
42 93
42 124
42 128
42 178
42 183
42 223
42 241
42 249
42 255
42 256
42 266
42 283
42 296
42 300
42 319
42 336
42 376
42 385
42 464
43 30
43 52
43 59
43 74
43 78
43 81
43 132
43 153
43 162
43 170
43 250
43 255
43 275
43 282
43 332
43 345
43 373
43 381
43 386
43 432
43 442
43 486
43 491
43 494
44 12
44 37
44 40
44 47
44 50
44 54
44 60
44 127
44 150
44 154
44 156
44 160
44 260
44 261
44 309
44 323
44 339
44 357
44 435
44 449
44 491
45 10
45 130
45 151
45 220
45 263
45 271
45 284
45 310
45 334
45 363
45 381
45 384
45 418
46 9
46 30
46 57
46 69
46 102
46 126
46 130
46 149
46 159
46 165
46 172
46 183
46 226
46 243
46 266
46 300
46 335
46 370
46 395
46 434
46 437
46 464
46 478
46 496
47 7
47 76
47 233
47 245
47 267
47 272
47 323
47 328
47 334
47 356
47 362
47 395
47 407
47 424
47 457
47 459
47 485
47 487
47 492
48 30
48 34
48 43
48 121
48 125
48 144
48 148
48 152
48 153
48 160
48 177
48 201
48 202
48 295
48 317
48 340
48 345
48 354
48 372
48 397
48 414
48 415
48 445
48 486
49 36
49 51
49 153
49 154
49 162
49 202
49 229
49 260
49 361
49 378
49 393
49 398
49 418
49 431
49 445
49 457
49 464
50 4
50 24
50 49
50 53
50 59
50 137
50 175
50 183
50 196
50 223
50 229
50 244
50 245
50 248
50 324
50 371
50 408
50 412
50 425
50 438
50 458
51 24
51 80
51 83
51 88
51 155
51 177
51 192
51 207
51 210
51 229
51 267
51 270
51 288
51 290
51 318
51 350
51 372
51 385
51 391
51 431
51 476
51 484
52 3
52 7
52 18
52 82
52 103
52 109
52 171
52 220
52 223
52 251
52 273
52 375
52 395
52 468
53 14
53 44
53 63
53 94
53 123
53 146
53 149
53 179
53 197
53 213
53 215
53 239
53 255
53 259
53 280
53 302
53 329
53 330
53 338
53 353
53 371
53 407
53 467
54 30
54 38
54 43
54 62
54 99
54 121
54 128
54 175
54 189
54 206
54 218
54 235
54 240
54 258
54 269
54 310
54 320
54 363
54 372
54 382
54 405
54 439
54 468
54 471
54 473
55 11
55 17
55 31
55 41
55 105
55 136
55 172
55 201
55 288
55 310
55 339
55 354
55 377
55 392
55 393
55 458
55 491
55 499
56 0
56 13
56 73
56 79
56 115
56 132
56 181
56 206
56 237
56 250
56 295
56 307
56 308
56 345
56 359
56 388
56 399
56 402
56 423
56 424
56 492
57 88
57 102
57 115
57 173
57 202
57 208
57 254
57 264
57 306
57 329
57 335
57 336
57 340
57 382
57 390
57 425
57 437
57 456
57 481
57 489
58 82
58 98
58 101
58 128
58 130
58 142
58 153
58 183
58 218
58 230
58 251
58 328
58 330
58 389
58 424
58 431
58 441
58 449
58 459
58 495
59 22
59 100
59 105
59 136
59 145
59 151
59 221
59 226
59 305
59 314
59 319
59 320
59 414
59 444
59 486
60 16
60 74
60 96
60 126
60 156
60 181
60 199
60 234
60 250
60 396
60 411
60 480
60 489
61 12
61 22
61 24
61 29
61 32
61 55
61 74
61 78
61 114
61 116
61 136
61 139
61 170
61 185
61 225
61 228
61 271
61 348
61 390
61 419
61 459
61 467
62 38
62 91
62 124
62 125
62 139
62 146
62 226
62 256
62 262
62 267
62 286
62 302
62 303
62 318
62 341
62 367
62 371
62 424
62 487
63 27
63 47
63 49
63 68
63 113
63 140
63 159
63 179
63 192
63 195
63 216
63 241
63 281
63 347
63 360
63 450
63 473
64 10
64 13
64 68
64 90
64 130
64 157
64 159
64 215
64 253
64 258
64 288
64 312
64 314
64 382
64 397
64 414
64 486
64 489
65 92
65 117
65 134
65 194
65 204
65 213
65 273
65 276
65 280
65 330
65 331
65 346
65 364
65 371
65 430
65 435
65 494
66 9
66 22
66 38
66 74
66 153
66 156
66 184
66 215
66 224
66 259
66 280
66 294
66 332
66 384
66 417
66 432
66 476
67 0
67 7
67 39
67 135
67 136
67 148
67 193
67 197
67 245
67 246
67 272
67 274
67 312
67 356
67 360
67 394
67 429
67 448
67 482
67 493
68 44
68 54
68 115
68 116
68 159
68 194
68 252
68 256
68 303
68 310
68 314
68 323
68 347
68 394
68 406
68 472
68 485
69 17
69 18
69 37
69 38
69 59
69 69
69 77
69 123
69 128
69 136
69 159
69 163
69 167
69 223
69 232
69 245
69 249
69 261
69 309
69 319
69 330
69 335
69 352
69 363
69 430
69 439
69 476
69 481
70 4
70 32
70 38
70 50
70 67
70 158
70 170
70 228
70 248
70 328
70 341
70 364
70 384
70 411
70 412
70 427
70 447
70 458
70 479
71 2
71 28
71 30
71 53
71 55
71 75
71 121
71 141
71 161
71 163
71 189
71 198
71 209
71 215
71 217
71 254
71 276
71 292
71 312
71 348
71 361
71 366
71 370
71 372
71 445
71 456
71 462
72 30
72 106
72 136
72 149
72 166
72 197
72 259
72 331
72 376
72 391
72 428
72 436
72 454
72 455
72 465
72 467
73 31
73 39
73 103
73 144
73 148
73 149
73 214
73 229
73 231
73 277
73 297
73 306
73 328
73 339
73 361
73 362
73 395
73 421
73 431
73 457
74 1
74 10
74 24
74 37
74 49
74 74
74 89
74 113
74 130
74 209
74 233
74 258
74 274
74 296
74 315
74 320
74 384
74 405
74 453
74 463
74 477
74 491
74 492
74 495
75 48
75 74
75 81
75 82
75 230
75 236
75 238
75 262
75 284
75 308
75 361
75 364
75 420
75 423
75 429
75 446
75 487
75 493
76 18
76 77
76 105
76 142
76 169
76 183
76 236
76 250
76 258
76 279
76 285
76 337
76 373
76 384
76 417
76 496
77 8
77 61
77 62
77 76
77 89
77 96
77 111
77 122
77 147
77 183
77 263
77 300
77 316
77 346
77 356
77 420
77 426
77 434
77 460
77 470
77 478
78 29
78 35
78 86
78 122
78 137
78 151
78 173
78 181
78 206
78 229
78 242
78 264
78 291
78 310
78 315
78 341
78 388
78 491
79 1
79 8
79 32
79 91
79 96
79 114
79 163
79 198
79 230
79 373
79 384
79 470
79 489
79 499
80 22
80 24
80 31
80 140
80 155
80 164
80 240
80 314
80 363
80 395
80 400
80 406
80 409
80 447
81 13
81 16
81 53
81 103
81 114
81 133
81 184
81 207
81 234
81 277
81 294
81 308
81 309
81 383
81 447
81 458
82 45
82 59
82 66
82 90
82 121
82 123
82 125
82 133
82 138
82 145
82 160
82 166
82 168
82 213
82 331
82 353
82 370
82 386
82 416
82 417
82 427
82 435
82 449
82 453
82 486
83 2
83 64
83 105
83 110
83 129
83 148
83 167
83 172
83 189
83 190
83 262
83 283
83 287
83 293
83 300
83 308
83 388
83 392
83 394
83 446
83 472
83 493
84 9
84 34
84 36
84 42
84 48
84 98
84 120
84 145
84 152
84 156
84 165
84 166
84 172
84 203
84 205
84 207
84 232
84 282
84 293
84 301
84 302
84 308
84 316
84 327
84 334
84 340
84 343
84 353
84 357
84 378
84 396
84 400
84 444
84 457
85 8
85 27
85 30
85 42
85 67
85 84
85 96
85 104
85 154
85 225
85 246
85 264
85 268
85 275
85 337
85 359
85 367
85 392
85 487
86 15
86 50
86 53
86 58
86 59
86 147
86 164
86 169
86 191
86 202
86 210
86 215
86 223
86 272
86 337
86 409
86 432
86 453
86 465
86 485
87 63
87 133
87 143
87 181
87 183
87 186
87 197
87 279
87 308
87 341
87 351
87 352
87 353
87 354
87 365
87 372
87 382
87 411
87 480
88 107
88 151
88 176
88 183
88 196
88 241
88 252
88 264
88 276
88 329
88 354
88 357
88 387
88 414
88 419
88 435
88 457
88 475
88 492
89 13
89 21
89 41
89 54
89 70
89 110
89 130
89 154
89 200
89 204
89 250
89 268
89 322
89 386
89 407
89 431
89 437
89 487
89 497
90 26
90 66
90 69
90 134
90 183
90 184
90 196
90 202
90 206
90 246
90 254
90 264
90 309
90 341
90 353
90 358
90 380
90 385
90 469
91 6
91 8
91 59
91 67
91 77
91 89
91 101
91 106
91 117
91 147
91 150
91 165
91 170
91 172
91 216
91 227
91 321
91 351
91 359
91 391
91 396
91 424
91 435
91 444
91 452
91 480
91 488
91 494
91 497
92 41
92 58
92 59
92 62
92 99
92 106
92 107
92 115
92 129
92 198
92 223
92 296
92 391
92 405
92 418
92 445
92 455
92 466
93 2
93 11
93 55
93 68
93 74
93 85
93 136
93 158
93 209
93 228
93 259
93 339
93 391
93 453
93 477
94 2
94 37
94 39
94 126
94 127
94 128
94 135
94 145
94 149
94 177
94 188
94 199
94 202
94 225
94 242
94 245
94 254
94 258
94 262
94 270
94 281
94 336
94 343
94 387
94 397
94 406
94 420
94 479
94 484
95 10
95 32
95 41
95 94
95 95
95 174
95 186
95 210
95 221
95 327
95 366
95 399
95 412
95 454
95 499
96 4
96 34
96 51
96 94
96 210
96 243
96 259
96 261
96 266
96 270
96 292
96 311
96 313
96 315
96 316
96 330
96 351
96 370
96 377
96 388
96 434
96 481
96 488
97 89
97 134
97 152
97 204
97 223
97 270
97 271
97 276
97 278
97 322
97 335
97 373
97 402
97 403
97 478
98 13
98 34
98 83
98 89
98 232
98 241
98 244
98 281
98 308
98 325
98 334
98 351
98 356
98 392
98 402
98 425
98 429
98 433
98 447
98 450
98 477
98 486
99 23
99 49
99 73
99 92
99 103
99 125
99 200
99 265
99 270
99 341
99 343
99 369
99 386
99 388
99 409
100 8
100 36
100 61
100 97
100 104
100 115
100 119
100 121
100 186
100 240
100 244
100 264
100 272
100 314
100 331
100 335
100 346
100 398
100 454
100 459
100 460
100 463
100 470
100 472
100 475
100 478
101 56
101 92
101 152
101 169
101 179
101 206
101 227
101 231
101 251
101 284
101 287
101 326
101 365
101 370
101 398
101 402
101 434
101 499
102 65
102 113
102 141
102 175
102 178
102 187
102 193
102 214
102 220
102 237
102 240
102 243
102 264
102 292
102 368
102 399
102 479
102 481
102 487
103 12
103 81
103 89
103 94
103 103
103 161
103 169
103 185
103 193
103 220
103 225
103 238
103 288
103 347
103 395
103 429
103 474
104 15
104 52
104 60
104 77
104 90
104 122
104 127
104 141
104 142
104 202
104 215
104 251
104 257
104 270
104 308
104 351
104 375
104 389
104 391
104 415
104 449
104 492
105 10
105 19
105 26
105 30
105 61
105 110
105 182
105 204
105 205
105 206
105 210
105 261
105 301
105 320
105 346
105 423
105 480
106 29
106 60
106 151
106 177
106 223
106 228
106 239
106 253
106 260
106 271
106 282
106 315
106 337
106 340
106 362
106 401
106 446
106 465
106 483
106 498
107 37
107 92
107 104
107 172
107 185
107 229
107 235
107 239
107 241
107 257
107 258
107 266
107 279
107 282
107 318
107 365
107 376
107 395
107 436
107 471
107 478
107 491
107 498
108 2
108 122
108 133
108 141
108 162
108 190
108 249
108 270
108 336
108 345
108 360
108 362
108 392
108 393
109 11
109 39
109 41
109 45
109 53
109 92
109 95
109 138
109 158
109 169
109 177
109 191
109 252
109 322
109 382
109 391
109 495
110 14
110 37
110 89
110 147
110 153
110 200
110 202
110 221
110 277
110 338
110 348
110 439
110 449
110 466
110 467
110 469
110 494
111 13
111 69
111 109
111 128
111 268
111 383
111 395
111 445
111 488
111 497
112 22
112 85
112 90
112 93
112 146
112 150
112 227
112 244
112 257
112 273
112 283
112 288
112 309
112 338
112 340
112 344
112 361
112 376
112 443
112 445
112 466
112 498
113 38
113 48
113 74
113 97
113 147
113 148
113 157
113 172
113 174
113 191
113 195
113 220
113 221
113 238
113 284
113 391
113 393
113 435
113 477
114 69
114 80
114 91
114 112
114 164
114 168
114 199
114 203
114 227
114 245
114 246
114 251
114 351
114 369
114 371
114 395
114 400
114 442
114 473
114 478
114 485
114 498
115 0
115 5
115 47
115 60
115 100
115 106
115 125
115 141
115 156
115 168
115 245
115 314
115 321
115 354
115 417
115 425
116 8
116 9
116 18
116 46
116 94
116 167
116 193
116 211
116 223
116 225
116 226
116 229
116 232
116 240
116 242
116 252
116 253
116 269
116 320
116 343
116 354
116 399
116 435
116 449
117 12
117 153
117 158
117 196
117 276
117 306
117 312
117 314
117 340
117 358
117 396
117 397
117 404
117 432
117 496
118 13
118 99
118 122
118 143
118 183
118 185
118 207
118 220
118 245
118 249
118 272
118 289
118 304
118 310
118 313
118 347
118 365
118 378
118 423
118 438
118 449
118 453
119 3
119 27
119 79
119 90
119 92
119 96
119 98
119 128
119 160
119 215
119 240
119 276
119 334
119 336
119 342
119 376
119 377
119 378
119 425
120 103
120 138
120 149
120 190
120 248
120 251
120 265
120 276
120 292
120 358
120 368
120 382
120 401
120 409
120 414
120 433
120 440
121 30
121 56
121 67
121 76
121 131
121 159
121 225
121 259
121 266
121 300
121 342
121 380
121 396
121 398
122 19
122 36
122 169
122 177
122 179
122 204
122 238
122 246
122 249
122 266
122 294
122 298
122 311
122 328
122 351
122 372
122 478
123 32
123 59
123 87
123 140
123 142
123 155
123 185
123 228
123 241
123 268
123 284
123 298
123 304
123 318
123 367
123 399
123 408
123 434
123 437
123 447
123 448
123 491
124 32
124 59
124 99
124 103
124 109
124 139
124 169
124 189
124 213
124 225
124 231
124 270
124 307
124 333
124 395
124 406
124 414
124 427
124 429
124 432
124 469
124 486
124 492
125 40
125 42
125 102
125 131
125 141
125 165
125 182
125 246
125 328
125 375
125 385
125 445
125 451
125 462
126 8
126 19
126 78
126 89
126 93
126 104
126 167
126 180
126 205
126 223
126 228
126 259
126 267
126 305
126 364
126 371
126 401
126 402
126 419
126 427
127 5
127 21
127 68
127 150
127 187
127 231
127 270
127 306
127 310
127 340
127 404
127 410
127 416
127 422
127 440
127 450
127 471
127 480
128 26
128 49
128 69
128 123
128 139
128 145
128 149
128 188
128 231
128 257
128 288
128 291
128 331
128 369
128 397
128 405
128 412
128 434
128 468
128 469
128 499
129 43
129 57
129 69
129 72
129 179
129 207
129 263
129 328
129 349
129 411
130 6
130 50
130 76
130 84
130 104
130 115
130 146
130 149
130 177
130 266
130 303
130 308
130 332
130 351
130 362
130 372
130 391
130 404
130 420
130 476
131 2
131 93
131 95
131 99
131 106
131 119
131 173
131 187
131 196
131 202
131 221
131 253
131 264
131 283
131 290
131 294
131 316
131 330
131 436
132 24
132 44
132 107
132 134
132 155
132 166
132 179
132 186
132 260
132 309
132 321
132 328
132 419
132 422
132 463
132 484
133 59
133 111
133 117
133 148
133 185
133 204
133 222
133 268
133 291
133 301
133 343
133 344
133 350
133 368
133 372
133 387
133 480
134 1
134 38
134 46
134 55
134 65
134 119
134 143
134 147
134 153
134 178
134 181
134 209
134 220
134 257
134 259
134 303
134 307
134 312
134 329
134 333
134 356
134 360
134 406
134 490
135 7
135 22
135 37
135 65
135 75
135 96
135 98
135 100
135 103
135 149
135 153
135 168
135 172
135 181
135 186
135 196
135 208
135 229
135 242
135 259
135 284
135 291
135 301
135 302
135 307
135 375
135 398
135 431
135 467
135 487
136 6
136 7
136 67
136 90
136 113
136 145
136 153
136 184
136 200
136 219
136 222
136 228
136 229
136 277
136 288
136 294
136 307
136 309
136 322
136 329
136 355
136 360
136 435
136 452
136 464
137 56
137 120
137 130
137 131
137 158
137 160
137 191
137 225
137 238
137 279
137 324
137 343
137 349
137 370
137 499
138 13
138 15
138 44
138 52
138 53
138 100
138 104
138 141
138 158
138 162
138 167
138 171
138 189
138 201
138 216
138 222
138 223
138 225
138 231
138 242
138 270
138 305
138 323
138 328
138 400
138 402
138 403
138 424
138 443
138 458
139 3
139 5
139 56
139 68
139 99
139 125
139 161
139 194
139 229
139 252
139 274
139 292
139 329
139 333
139 375
139 398
139 451
139 465
140 0
140 22
140 42
140 71
140 82
140 90
140 119
140 124
140 152
140 155
140 182
140 239
140 245
140 254
140 268
140 271
140 278
140 281
140 339
140 365
140 375
140 376
140 387
140 398
140 409
140 467
140 468
140 472
140 496
140 499
141 50
141 63
141 71
141 148
141 153
141 178
141 219
141 221
141 235
141 241
141 271
141 293
141 312
141 375
141 377
141 380
141 402
141 410
141 485
142 34
142 36
142 60
142 66
142 114
142 116
142 130
142 146
142 208
142 209
142 210
142 267
142 296
142 330
142 340
142 388
142 445
142 492
143 11
143 69
143 90
143 178
143 216
143 222
143 224
143 326
143 347
143 349
143 350
143 376
143 405
143 414
143 438
144 8
144 27
144 37
144 90
144 97
144 104
144 189
144 254
144 302
144 306
144 325
144 331
144 337
144 346
144 347
144 353
144 366
144 375
144 385
144 403
144 410
144 424
144 430
144 444
144 484
144 486
144 487
145 27
145 65
145 164
145 170
145 181
145 204
145 213
145 246
145 307
145 309
145 367
145 380
145 430
145 436
145 472
146 57
146 82
146 104
146 131
146 150
146 163
146 189
146 233
146 255
146 297
146 301
146 319
146 336
146 339
146 361
146 370
146 398
146 427
146 428
146 444
146 469
146 480
146 483
147 3
147 7
147 38
147 62
147 79
147 81
147 108
147 131
147 216
147 223
147 227
147 243
147 249
147 267
147 305
147 336
147 353
147 404
147 435
147 457
147 470
147 471
148 24
148 142
148 169
148 204
148 301
148 337
148 414
148 439
148 477
148 485
149 3
149 18
149 45
149 57
149 86
149 106
149 118
149 124
149 144
149 151
149 156
149 197
149 200
149 203
149 217
149 244
149 271
149 314
149 398
149 412
149 421
149 436
149 437
149 458
149 477
150 108
150 158
150 210
150 259
150 292
150 317
150 321
150 328
150 331
150 343
150 350
150 397
150 440
150 450
150 497
151 26
151 27
151 32
151 56
151 59
151 71
151 112
151 149
151 175
151 176
151 200
151 233
151 235
151 291
151 347
151 360
151 375
151 415
151 422
151 469
152 13
152 33
152 71
152 92
152 106
152 119
152 121
152 128
152 147
152 197
152 207
152 208
152 214
152 256
152 302
152 315
152 321
152 327
152 334
152 364
152 370
152 385
152 400
152 411
152 431
152 452
152 467
152 496
153 30
153 88
153 99
153 113
153 134
153 150
153 236
153 260
153 335
153 433
153 443
153 461
154 10
154 22
154 76
154 119
154 138
154 173
154 274
154 277
154 335
154 342
154 355
154 380
154 386
154 457
154 477
155 1
155 30
155 64
155 81
155 161
155 164
155 185
155 218
155 222
155 227
155 241
155 246
155 261
155 292
155 293
155 339
155 354
155 446
155 460
155 462
155 494
156 91
156 106
156 108
156 117
156 129
156 194
156 334
156 354
156 426
156 437
156 473
156 480
156 491
157 5
157 22
157 29
157 66
157 85
157 97
157 107
157 117
157 127
157 131
157 159
157 171
157 173
157 177
157 181
157 203
157 214
157 224
157 229
157 255
157 279
157 298
157 344
157 372
157 381
157 390
157 393
157 398
157 404
157 423
157 445
157 478
158 14
158 130
158 163
158 172
158 200
158 216
158 225
158 234
158 249
158 264
158 277
158 283
158 299
158 367
158 419
158 457
159 9
159 32
159 109
159 129
159 139
159 151
159 156
159 159
159 190
159 215
159 259
159 262
159 328
159 342
159 358
159 359
159 368
159 373
159 419
159 427
159 441
159 465
160 4
160 22
160 42
160 163
160 172
160 235
160 239
160 260
160 271
160 272
160 287
160 305
160 306
160 391
160 421
160 444
160 446
160 450
160 461
160 475
160 481
160 484
160 489
160 494
161 41
161 71
161 77
161 79
161 90
161 96
161 104
161 123
161 135
161 176
161 202
161 203
161 224
161 230
161 235
161 257
161 296
161 314
161 347
161 364
161 369
161 404
161 443
161 482
162 61
162 62
162 104
162 108
162 142
162 193
162 210
162 242
162 251
162 252
162 293
162 368
162 371
162 396
162 442
162 470
162 473
162 474
162 482
163 0
163 62
163 81
163 85
163 107
163 112
163 118
163 148
163 236
163 258
163 275
163 279
163 317
163 370
163 396
163 426
163 466
163 476
163 494
164 23
164 43
164 71
164 96
164 115
164 173
164 197
164 232
164 238
164 253
164 305
164 326
164 327
164 346
164 348
164 351
164 355
164 373
164 385
164 397
164 406
164 411
164 447
164 464
164 480
164 486
165 1
165 11
165 112
165 119
165 150
165 235
165 242
165 256
165 321
165 322
165 351
165 416
165 440
165 450
165 486
165 494
166 11
166 12
166 18
166 50
166 58
166 95
166 108
166 129
166 141
166 240
166 260
166 312
166 364
166 376
166 421
166 444
166 495
167 6
167 26
167 27
167 32
167 34
167 63
167 67
167 110
167 134
167 150
167 156
167 181
167 252
167 328
167 337
167 445
167 456
167 459
168 7
168 12
168 33
168 68
168 81
168 98
168 121
168 170
168 175
168 181
168 184
168 193
168 249
168 303
168 311
168 441
168 480
168 491
169 5
169 26
169 49
169 82
169 115
169 142
169 145
169 161
169 170
169 180
169 230
169 240
169 253
169 343
169 349
169 382
169 407
169 416
169 428
169 449
169 450
169 458
169 466
169 489
169 497
170 18
170 38
170 170
170 198
170 254
170 274
170 275
170 311
170 318
170 319
170 377
170 383
170 456
170 493
171 17
171 19
171 38
171 84
171 111
171 179
171 184
171 206
171 238
171 261
171 276
171 292
171 294
171 295
171 358
171 364
171 399
171 402
171 414
171 450
172 34
172 72
172 104
172 160
172 177
172 189
172 221
172 235
172 236
172 262
172 265
172 276
172 283
172 287
172 315
172 347
172 350
172 377
172 400
172 423
172 425
172 427
173 9
173 60
173 70
173 76
173 90
173 105
173 174
173 186
173 197
173 205
173 242
173 267
173 287
173 317
173 347
173 364
173 456
173 459
173 484
174 5
174 116
174 162
174 201
174 207
174 219
174 238
174 266
174 291
174 322
174 335
174 344
174 356
174 357
174 367
174 398
174 421
174 477
174 478
174 489
174 496
174 499
175 75
175 81
175 152
175 166
175 204
175 210
175 213
175 216
175 301
175 311
175 325
175 329
175 331
175 350
175 375
175 382
175 409
175 428
175 430
175 441
175 444
175 464
176 18
176 106
176 137
176 156
176 157
176 175
176 177
176 230
176 234
176 235
176 295
176 319
176 331
176 368
176 381
176 402
176 403
176 413
176 423
176 426
176 433
176 483
177 49
177 64
177 71
177 90
177 134
177 140
177 155
177 163
177 187
177 190
177 234
177 322
177 355
177 372
177 400
177 411
177 430
177 475
177 476
177 497
178 96
178 127
178 185
178 192
178 196
178 273
178 276
178 314
178 336
178 358
178 405
178 415
178 494
178 496
179 2
179 18
179 60
179 104
179 141
179 151
179 182
179 223
179 331
179 371
179 377
179 418
179 456
179 475
180 17
180 61
180 71
180 95
180 102
180 146
180 174
180 204
180 229
180 243
180 256
180 269
180 275
180 327
180 356
180 384
180 478
180 485
180 488
181 54
181 81
181 116
181 123
181 140
181 165
181 176
181 193
181 242
181 280
181 289
181 372
181 433
181 456
181 487
182 7
182 13
182 86
182 95
182 116
182 158
182 159
182 179
182 211
182 212
182 250
182 285
182 307
182 339
182 340
182 358
182 378
182 390
182 431
182 449
182 458
182 461
182 472
182 482
182 491
183 17
183 39
183 67
183 134
183 160
183 172
183 191
183 217
183 241
183 245
183 286
183 308
183 316
183 377
183 403
183 416
183 474
184 35
184 39
184 72
184 77
184 81
184 104
184 122
184 133
184 144
184 169
184 185
184 195
184 221
184 248
184 289
184 294
184 325
184 343
184 361
184 403
184 463
184 464
184 470
184 492
185 86
185 93
185 124
185 129
185 162
185 218
185 220
185 247
185 273
185 276
185 287
185 293
185 319
185 333
185 358
185 367
185 397
185 436
185 481
185 492
185 494
186 27
186 31
186 58
186 71
186 109
186 125
186 141
186 146
186 172
186 175
186 189
186 207
186 228
186 266
186 269
186 270
186 342
186 364
186 381
186 393
186 413
187 28
187 59
187 85
187 86
187 114
187 124
187 139
187 155
187 161
187 280
187 296
187 318
187 347
187 361
187 438
187 449
187 459
187 473
187 496
188 7
188 20
188 34
188 102
188 110
188 130
188 137
188 168
188 176
188 178
188 283
188 289
188 291
188 345
188 346
188 354
188 359
188 389
188 462
188 472
188 499
189 57
189 59
189 123
189 234
189 237
189 262
189 274
189 340
189 342
189 352
189 354
189 391
189 395
189 436
189 442
189 476
189 478
189 497
190 59
190 70
190 82
190 94
190 95
190 103
190 126
190 140
190 173
190 203
190 216
190 279
190 299
190 323
190 340
190 349
190 356
190 368
190 369
190 386
190 411
190 425
190 447
190 467
191 20
191 56
191 63
191 70
191 77
191 106
191 109
191 132
191 174
191 209
191 239
191 243
191 254
191 259
191 286
191 290
191 311
191 325
191 336
191 338
191 426
191 473
191 489
192 23
192 32
192 127
192 136
192 142
192 167
192 229
192 254
192 279
192 283
192 302
192 318
192 353
192 389
192 404
192 449
192 450
192 482
193 0
193 4
193 31
193 36
193 37
193 48
193 104
193 133
193 141
193 143
193 148
193 209
193 295
193 322
193 325
193 333
193 334
193 346
193 349
193 400
193 425
193 466
194 2
194 121
194 128
194 202
194 204
194 218
194 240
194 251
194 252
194 347
194 403
194 434
194 440
194 442
194 448
195 10
195 47
195 57
195 74
195 90
195 133
195 139
195 174
195 202
195 246
195 276
195 290
195 336
195 341
195 421
195 442
195 461
195 462
195 475
195 476
196 18
196 39
196 116
196 119
196 128
196 197
196 201
196 251
196 273
196 331
196 342
196 360
196 382
196 384
196 430
196 441
196 461
196 480
196 495
197 4
197 7
197 61
197 92
197 100
197 130
197 150
197 211
197 227
197 267
197 313
197 316
197 329
197 385
197 386
197 397
197 481
197 497
198 45
198 61
198 73
198 90
198 110
198 140
198 152
198 160
198 161
198 167
198 204
198 265
198 274
198 305
198 324
198 333
198 370
198 380
198 384
198 405
198 460
199 43
199 48
199 52
199 60
199 82
199 117
199 140
199 141
199 194
199 205
199 241
199 306
199 316
199 317
199 318
199 320
199 369
199 375
199 381
199 394
199 421
199 436
199 440
199 470
199 474
199 481
200 9
200 19
200 29
200 40
200 45
200 104
200 113
200 135
200 162
200 168
200 182
200 238
200 253
200 282
200 315
200 325
200 335
200 365
200 380
200 385
200 395
201 1
201 8
201 13
201 27
201 52
201 77
201 97
201 103
201 152
201 155
201 203
201 248
201 270
201 304
201 403
201 425
201 448
201 456
201 470
201 480
201 490
202 0
202 6
202 11
202 27
202 46
202 51
202 91
202 97
202 122
202 126
202 141
202 189
202 199
202 204
202 234
202 326
202 355
202 378
202 385
202 428
202 431
202 445
203 8
203 28
203 30
203 37
203 62
203 106
203 119
203 137
203 158
203 170
203 211
203 212
203 231
203 239
203 322
203 348
203 349
203 362
203 454
203 465
203 498
204 11
204 96
204 98
204 107
204 108
204 109
204 117
204 123
204 139
204 162
204 194
204 226
204 282
204 294
204 297
204 315
204 348
204 411
204 435
204 467
204 469
205 20
205 21
205 59
205 89
205 102
205 107
205 127
205 196
205 228
205 264
205 270
205 317
205 332
205 358
205 398
205 404
205 428
205 435
205 458
205 460
205 468
205 488
206 4
206 15
206 27
206 69
206 144
206 154
206 166
206 171
206 200
206 212
206 246
206 257
206 269
206 301
206 309
206 332
206 385
206 403
206 446
206 461
206 474
207 80
207 135
207 147
207 163
207 183
207 243
207 259
207 278
207 354
207 412
207 419
207 468
208 24
208 72
208 196
208 199
208 215
208 223
208 333
208 342
208 416
208 428
208 445
208 448
208 456
209 9
209 45
209 48
209 50
209 81
209 165
209 172
209 194
209 206
209 209
209 224
209 265
209 287
209 337
209 354
209 363
209 427
209 436
209 444
209 454
209 481
209 493
209 494
209 498
210 18
210 19
210 56
210 63
210 64
210 89
210 174
210 220
210 232
210 236
210 249
210 287
210 292
210 342
210 360
210 412
210 415
210 419
210 470
211 59
211 94
211 114
211 123
211 196
211 232
211 301
211 305
211 329
211 336
211 342
211 366
211 368
211 411
211 434
211 450
211 456
211 469
211 492
212 15
212 17
212 71
212 120
212 134
212 150
212 173
212 195
212 257
212 269
212 280
212 326
212 327
212 330
212 370
212 396
212 460
212 465
213 16
213 42
213 45
213 75
213 186
213 188
213 198
213 232
213 246
213 261
213 273
213 277
213 292
213 310
213 342
213 349
213 354
213 372
213 396
213 418
213 451
214 21
214 63
214 145
214 163
214 164
214 199
214 206
214 212
214 240
214 242
214 351
214 355
214 379
214 395
214 412
214 445
214 460
214 475
214 494
214 498
215 93
215 117
215 121
215 127
215 130
215 173
215 214
215 264
215 290
215 325
215 341
215 369
215 378
215 384
215 412
215 433
215 444
215 474
215 475
215 491
216 13
216 20
216 42
216 59
216 69
216 106
216 118
216 196
216 201
216 251
216 253
216 266
216 339
216 345
216 361
216 376
216 424
216 444
216 446
216 466
217 15
217 18
217 22
217 30
217 70
217 101
217 121
217 166
217 211
217 305
217 315
217 336
217 365
217 396
217 430
217 467
218 12
218 16
218 21
218 55
218 88
218 105
218 109
218 148
218 161
218 216
218 225
218 259
218 260
218 307
218 335
218 337
218 346
218 363
218 390
218 393
218 408
218 410
218 411
218 463
218 466
218 469
218 484
218 496
219 19
219 34
219 106
219 117
219 124
219 166
219 179
219 278
219 280
219 281
219 300
219 303
219 333
219 338
219 368
219 371
219 396
219 412
219 426
219 441
219 460
219 475
220 37
220 64
220 75
220 80
220 84
220 162
220 168
220 174
220 208
220 210
220 226
220 234
220 237
220 256
220 266
220 291
220 403
220 425
220 433
220 437
220 457
220 489
221 14
221 17
221 30
221 41
221 42
221 61
221 63
221 107
221 132
221 160
221 242
221 254
221 299
221 308
221 309
221 327
221 346
221 369
221 390
221 404
221 409
221 493
221 499
222 4
222 26
222 29
222 30
222 38
222 43
222 46
222 139
222 177
222 255
222 287
222 293
222 299
222 356
222 363
222 383
222 404
222 425
222 446
222 450
223 38
223 85
223 127
223 134
223 169
223 200
223 227
223 238
223 254
223 258
223 301
223 324
223 329
223 356
223 428
223 431
223 437
223 458
223 471
223 475
224 1
224 4
224 29
224 74
224 75
224 91
224 104
224 114
224 118
224 125
224 142
224 146
224 154
224 184
224 196
224 226
224 231
224 252
224 254
224 269
224 293
224 296
224 312
224 315
224 327
224 377
224 418
224 465
225 60
225 102
225 110
225 133
225 148
225 180
225 191
225 197
225 231
225 237
225 246
225 255
225 278
225 286
225 315
225 393
225 417
225 459
226 3
226 25
226 41
226 83
226 86
226 100
226 118
226 134
226 153
226 156
226 157
226 177
226 194
226 199
226 223
226 233
226 253
226 276
226 367
226 403
226 433
226 465
226 474
226 494
227 4
227 52
227 60
227 80
227 177
227 233
227 259
227 279
227 298
227 335
227 365
227 367
227 402
227 430
227 466
227 474
228 71
228 73
228 82
228 92
228 207
228 237
228 251
228 277
228 278
228 290
228 298
228 306
228 381
228 424
228 441
228 457
229 0
229 2
229 27
229 31
229 165
229 205
229 233
229 239
229 246
229 329
229 373
229 449
229 450
229 466
229 469
229 474
230 10
230 21
230 77
230 83
230 142
230 157
230 255
230 303
230 384
230 421
230 428
230 472
230 476
231 21
231 32
231 35
231 49
231 102
231 139
231 147
231 155
231 175
231 229
231 236
231 254
231 281
231 374
231 480
232 38
232 44
232 73
232 87
232 90
232 98
232 113
232 131
232 155
232 200
232 204
232 224
232 238
232 243
232 271
232 296
232 315
232 326
232 329
232 331
232 344
232 386
232 399
232 410
232 480
232 482
232 487
233 40
233 45
233 103
233 156
233 184
233 206
233 240
233 251
233 299
233 362
233 368
233 377
233 380
234 0
234 40
234 41
234 46
234 70
234 109
234 126
234 230
234 236
234 252
234 286
234 301
234 305
234 318
234 319
234 327
234 332
234 339
234 386
234 410
234 432
235 3
235 46
235 98
235 102
235 124
235 128
235 162
235 173
235 176
235 177
235 226
235 232
235 237
235 293
235 295
235 301
235 304
235 344
235 349
235 353
235 359
235 449
236 15
236 24
236 27
236 30
236 60
236 65
236 107
236 154
236 260
236 267
236 342
236 345
236 377
236 430
236 446
236 474
236 478
236 479
236 493
237 48
237 55
237 89
237 91
237 118
237 122
237 128
237 158
237 211
237 266
237 272
237 320
237 385
237 387
237 398
237 430
237 456
238 54
238 56
238 102
238 111
238 125
238 133
238 180
238 195
238 200
238 223
238 247
238 251
238 274
238 327
238 328
238 350
238 375
238 384
238 471
238 472
238 493
238 496
239 12
239 13
239 100
239 123
239 127
239 131
239 156
239 282
239 306
239 345
239 409
239 446
239 457
239 481
239 483
239 498
240 44
240 45
240 159
240 199
240 218
240 221
240 251
240 262
240 268
240 353
240 367
240 389
240 411
240 415
241 3
241 9
241 14
241 20
241 24
241 92
241 111
241 123
241 126
241 191
241 266
241 272
241 285
241 288
241 300
241 306
241 342
241 366
241 396
241 399
241 446
241 477
241 499
242 38
242 59
242 74
242 85
242 128
242 158
242 181
242 222
242 283
242 306
242 310
242 322
242 330
242 372
242 396
242 423
242 445
242 492
243 36
243 63
243 96
243 129
243 144
243 159
243 172
243 191
243 242
243 306
243 318
243 326
243 341
243 374
243 405
243 406
243 409
243 445
243 471
243 483
243 489
243 491
244 24
244 57
244 64
244 111
244 119
244 211
244 233
244 273
244 289
244 294
244 315
244 345
244 348
244 374
244 377
244 399
244 421
244 432
244 436
245 0
245 20
245 42
245 56
245 96
245 103
245 109
245 136
245 181
245 245
245 288
245 370
245 374
245 381
245 386
245 417
245 455
245 484
246 51
246 68
246 97
246 101
246 143
246 177
246 200
246 224
246 243
246 254
246 291
246 336
246 349
246 357
246 391
246 405
246 412
246 421
246 439
246 449
246 453
246 484
246 491
247 0
247 36
247 45
247 84
247 106
247 108
247 139
247 145
247 160
247 184
247 212
247 250
247 276
247 282
247 289
247 301
247 308
247 353
247 361
247 383
247 454
247 456
247 475
247 482
247 483
247 493
247 495
248 177
248 179
248 180
248 182
248 191
248 194
248 256
248 276
248 392
248 421
248 426
248 433
248 445
249 107
249 118
249 174
249 212
249 260
249 273
249 275
249 309
249 325
249 337
249 357
249 373
249 400
249 406
249 410
249 489
249 490
250 6
250 39
250 89
250 119
250 173
250 294
250 327
250 362
250 424
250 436
250 442
250 444
250 448
250 473
250 481
250 489
251 4
251 30
251 34
251 54
251 70
251 112
251 131
251 137
251 224
251 234
251 263
251 281
251 349
251 362
251 364
251 370
251 373
251 416
251 441
251 458
251 459
251 465
252 5
252 44
252 51
252 76
252 77
252 93
252 129
252 203
252 242
252 318
252 323
252 329
252 341
252 346
252 359
252 368
252 409
252 432
252 496
253 5
253 76
253 109
253 114
253 123
253 172
253 206
253 248
253 282
253 319
253 339
253 375
253 392
253 416
253 425
253 434
253 449
253 465
253 496
254 21
254 33
254 102
254 130
254 133
254 139
254 141
254 145
254 152
254 162
254 173
254 189
254 191
254 269
254 280
254 291
254 326
254 397
254 399
254 441
254 448
254 499
255 92
255 108
255 112
255 124
255 143
255 145
255 209
255 237
255 297
255 310
255 313
255 319
255 379
255 433
255 471
256 8
256 21
256 39
256 55
256 76
256 101
256 110
256 111
256 122
256 138
256 167
256 287
256 394
256 447
256 463
257 62
257 69
257 87
257 92
257 99
257 102
257 160
257 163
257 229
257 230
257 235
257 236
257 267
257 296
257 314
257 345
257 385
257 394
257 406
257 432
257 441
257 462
258 10
258 17
258 20
258 34
258 59
258 75
258 107
258 229
258 234
258 275
258 300
258 304
258 333
258 337
258 353
258 412
258 478
258 482
258 483
259 36
259 39
259 63
259 119
259 147
259 153
259 155
259 183
259 188
259 199
259 215
259 220
259 237
259 241
259 246
259 302
259 331
259 333
259 350
259 358
259 426
259 454
259 461
259 470
259 491
260 20
260 60
260 67
260 127
260 128
260 150
260 153
260 183
260 203
260 206
260 229
260 320
260 334
260 339
260 347
260 359
260 394
260 401
260 408
260 452
260 492
260 497
260 499
261 2
261 26
261 42
261 59
261 88
261 123
261 135
261 189
261 260
261 265
261 267
261 296
261 309
261 342
261 358
261 490
262 13
262 19
262 41
262 79
262 85
262 103
262 112
262 128
262 169
262 176
262 183
262 189
262 194
262 202
262 239
262 275
262 287
262 407
262 464
262 472
263 6
263 12
263 20
263 61
263 88
263 133
263 166
263 175
263 177
263 188
263 210
263 212
263 216
263 273
263 314
263 318
263 356
263 360
263 381
263 384
263 389
263 410
263 412
263 426
263 461
263 468
263 483
263 488
264 31
264 43
264 54
264 66
264 79
264 88
264 96
264 117
264 177
264 189
264 208
264 214
264 228
264 235
264 279
264 301
264 318
264 360
264 371
264 406
264 487
265 4
265 68
265 93
265 95
265 104
265 121
265 132
265 139
265 237
265 301
265 363
265 365
265 377
265 388
265 399
265 427
265 440
265 461
265 486
266 62
266 71
266 128
266 211
266 216
266 224
266 253
266 268
266 279
266 334
266 358
266 380
266 398
266 428
266 431
266 436
266 438
266 458
266 475
266 490
266 493
266 496
267 34
267 48
267 50
267 56
267 81
267 106
267 128
267 148
267 150
267 223
267 250
267 260
267 294
267 308
267 354
267 359
268 43
268 138
268 155
268 157
268 181
268 188
268 205
268 217
268 250
268 295
268 330
268 339
268 346
268 347
268 353
268 393
268 395
268 411
268 417
268 435
268 459
269 14
269 54
269 71
269 75
269 76
269 89
269 120
269 138
269 211
269 217
269 218
269 234
269 248
269 338
269 377
269 466
269 474
269 481
270 15
270 18
270 28
270 72
270 80
270 147
270 149
270 188
270 199
270 284
270 301
270 368
270 374
270 377
270 402
270 484
270 490
271 0
271 2
271 30
271 37
271 46
271 54
271 68
271 180
271 181
271 190
271 207
271 211
271 227
271 266
271 291
271 370
271 376
271 398
271 455
271 484
272 13
272 41
272 45
272 81
272 122
272 176
272 225
272 251
272 301
272 316
272 366
272 423
272 443
272 453
273 41
273 55
273 62
273 137
273 143
273 145
273 168
273 176
273 196
273 233
273 250
273 255
273 276
273 280
273 283
273 305
273 310
273 318
273 329
273 352
273 372
273 411
273 445
273 455
274 18
274 49
274 50
274 60
274 77
274 112
274 116
274 275
274 280
274 309
274 319
274 330
274 351
274 364
274 442
274 445
274 456
274 478
274 491
274 496
275 7
275 26
275 78
275 80
275 137
275 159
275 177
275 181
275 238
275 255
275 299
275 322
275 333
275 407
275 450
275 457
275 469
275 479
275 482
275 483
276 73
276 91
276 115
276 137
276 178
276 199
276 200
276 236
276 305
276 327
276 355
276 361
276 376
276 379
276 384
276 388
276 404
276 405
276 431
276 440
276 475
276 492
277 15
277 24
277 36
277 91
277 96
277 98
277 99
277 111
277 123
277 130
277 156
277 161
277 174
277 196
277 210
277 250
277 269
277 276
277 287
277 328
277 343
277 350
277 354
277 375
277 381
277 392
277 402
277 415
277 425
277 426
277 466
277 472
278 58
278 72
278 84
278 197
278 200
278 212
278 243
278 383
278 452
279 8
279 51
279 75
279 94
279 113
279 176
279 183
279 207
279 227
279 238
279 328
279 365
279 373
279 413
279 457
279 476
279 477
279 490
280 22
280 42
280 71
280 85
280 117
280 141
280 150
280 173
280 208
280 237
280 253
280 271
280 321
280 347
280 374
280 422
280 481
280 486
280 491
281 51
281 74
281 117
281 120
281 133
281 185
281 242
281 252
281 261
281 319
281 375
281 378
281 380
281 384
281 385
281 389
281 405
281 420
281 426
281 429
281 439
281 456
281 457
281 460
282 1
282 7
282 27
282 30
282 51
282 88
282 144
282 152
282 178
282 182
282 219
282 228
282 248
282 258
282 265
282 282
282 317
282 343
282 385
282 403
282 436
282 444
282 452
282 483
283 6
283 9
283 48
283 51
283 72
283 74
283 143
283 144
283 160
283 178
283 202
283 223
283 237
283 244
283 252
283 276
283 313
283 316
283 340
283 350
283 389
283 462
284 21
284 37
284 42
284 61
284 75
284 82
284 106
284 119
284 120
284 121
284 184
284 236
284 295
284 303
284 320
284 339
284 344
284 358
284 402
284 435
284 454
284 459
285 22
285 27
285 60
285 123
285 147
285 148
285 173
285 235
285 273
285 298
285 312
285 343
285 345
285 357
285 367
285 429
285 430
285 481
285 484
285 485
285 492
286 20
286 74
286 76
286 83
286 94
286 118
286 141
286 185
286 198
286 201
286 212
286 264
286 311
286 323
286 325
286 370
286 371
286 394
286 407
286 410
286 413
286 441
287 0
287 4
287 6
287 8
287 79
287 97
287 104
287 120
287 121
287 151
287 201
287 205
287 231
287 251
287 305
287 327
287 351
287 382
287 388
287 483
288 84
288 97
288 107
288 220
288 232
288 238
288 280
288 286
288 292
288 293
288 297
288 340
288 457
288 468
288 481
288 485
289 0
289 12
289 16
289 18
289 73
289 88
289 109
289 110
289 140
289 184
289 193
289 226
289 237
289 238
289 303
289 308
289 311
289 324
289 344
289 396
289 428
289 431
289 466
289 473
289 483
289 489
290 14
290 17
290 67
290 72
290 142
290 144
290 160
290 169
290 174
290 187
290 190
290 212
290 225
290 263
290 266
290 268
290 269
290 270
290 287
290 305
290 323
290 351
290 398
290 402
290 408
290 416
290 427
290 433
290 447
290 450
290 459
290 464
290 497
291 0
291 23
291 26
291 35
291 55
291 71
291 106
291 160
291 268
291 291
291 375
291 389
291 395
291 412
291 445
291 451
291 461
291 479
292 2
292 29
292 130
292 147
292 170
292 175
292 215
292 250
292 271
292 274
292 291
292 295
292 316
292 345
292 350
292 393
292 395
292 472
292 480
293 21
293 58
293 78
293 84
293 101
293 184
293 202
293 228
293 318
293 335
293 352
293 363
293 388
293 389
293 418
293 439
293 448
293 449
293 456
293 482
294 17
294 19
294 22
294 39
294 68
294 73
294 78
294 96
294 114
294 117
294 130
294 143
294 190
294 197
294 239
294 265
294 381
294 402
294 407
294 424
294 437
294 451
294 476
294 499
295 0
295 28
295 63
295 70
295 71
295 98
295 124
295 142
295 196
295 233
295 235
295 238
295 255
295 257
295 314
295 326
295 361
296 21
296 23
296 90
296 98
296 99
296 108
296 172
296 202
296 218
296 223
296 275
296 309
296 320
296 325
296 342
296 404
296 416
296 420
296 450
296 457
296 476
296 486
297 32
297 37
297 41
297 74
297 88
297 89
297 100
297 154
297 168
297 205
297 211
297 217
297 218
297 220
297 248
297 316
297 340
297 352
297 375
297 401
297 404
297 426
297 471
297 489
298 4
298 9
298 106
298 125
298 151
298 180
298 190
298 191
298 197
298 271
298 313
298 319
298 323
298 337
298 349
298 380
298 398
298 433
298 439
298 449
298 451
298 456
298 484
299 15
299 27
299 28
299 34
299 51
299 69
299 92
299 94
299 129
299 189
299 216
299 257
299 273
299 306
299 343
299 404
299 418
299 447
299 484
299 492
299 493
300 6
300 55
300 67
300 76
300 142
300 176
300 201
300 279
300 293
300 345
300 368
300 406
300 471
300 498
301 14
301 64
301 102
301 176
301 198
301 207
301 215
301 233
301 253
301 255
301 280
301 292
301 307
301 311
301 329
301 357
301 362
301 428
301 437
301 480
302 0
302 39
302 56
302 71
302 125
302 156
302 160
302 171
302 177
302 184
302 198
302 208
302 219
302 256
302 277
302 284
302 404
302 409
302 465
302 476
302 490
302 499
303 33
303 60
303 75
303 146
303 155
303 157
303 177
303 209
303 248
303 311
303 320
303 333
303 387
303 409
303 442
303 446
303 459
303 465
303 481
303 482
303 487
304 14
304 71
304 118
304 128
304 133
304 135
304 140
304 192
304 219
304 288
304 309
304 317
304 326
304 372
304 376
304 384
304 385
304 392
304 403
304 442
304 456
304 496
305 7
305 30
305 115
305 133
305 152
305 157
305 206
305 250
305 270
305 303
305 317
305 344
305 363
305 364
305 381
305 382
305 424
305 425
305 434
305 436
305 451
305 462
305 493
305 496
306 61
306 89
306 183
306 260
306 269
306 286
306 289
306 320
306 324
306 327
306 375
306 378
306 397
306 413
306 416
306 436
306 454
306 460
306 468
306 484
307 82
307 86
307 118
307 132
307 152
307 157
307 221
307 236
307 251
307 254
307 310
307 320
307 323
307 375
307 389
307 430
307 491
308 69
308 93
308 94
308 111
308 113
308 128
308 194
308 200
308 255
308 297
308 298
308 309
308 347
308 399
308 405
308 414
308 428
308 429
308 432
308 440
308 469
308 497
309 52
309 87
309 177
309 204
309 238
309 288
309 315
309 351
309 424
309 437
309 441
309 444
309 466
309 484
310 39
310 63
310 81
310 96
310 104
310 180
310 202
310 215
310 342
310 388
310 400
310 408
310 455
310 461
311 0
311 14
311 19
311 59
311 86
311 94
311 116
311 172
311 174
311 216
311 233
311 237
311 249
311 310
311 338
311 404
311 465
312 8
312 11
312 43
312 61
312 62
312 81
312 114
312 125
312 130
312 150
312 151
312 166
312 200
312 225
312 244
312 317
312 358
312 369
312 379
312 386
312 405
312 439
312 461
312 473
313 35
313 48
313 73
313 110
313 136
313 147
313 162
313 168
313 183
313 235
313 260
313 284
313 287
313 357
313 375
313 397
313 401
313 422
313 423
313 442
313 453
313 467
313 471
313 489
314 93
314 116
314 124
314 195
314 201
314 213
314 260
314 277
314 366
314 367
314 452
314 458
314 464
314 468
314 473
314 475
314 476
314 490
315 28
315 32
315 34
315 70
315 71
315 76
315 97
315 160
315 167
315 182
315 213
315 227
315 241
315 249
315 293
315 334
315 348
315 353
315 370
315 392
315 431
315 435
315 468
315 493
315 496
316 10
316 13
316 16
316 46
316 54
316 63
316 134
316 159
316 168
316 210
316 237
316 251
316 283
316 293
316 314
316 337
316 349
316 373
316 376
316 379
316 414
316 417
316 427
316 454
316 484
317 38
317 189
317 220
317 262
317 264
317 277
317 280
317 312
317 385
317 455
317 486
317 492
318 72
318 105
318 126
318 128
318 203
318 222
318 251
318 258
318 290
318 347
318 428
318 442
318 449
319 22
319 99
319 106
319 180
319 183
319 192
319 193
319 233
319 271
319 336
319 341
319 384
319 420
319 431
319 443
319 451
319 464
320 40
320 58
320 122
320 123
320 166
320 180
320 187
320 236
320 247
320 250
320 255
320 297
320 300
320 309
320 326
320 340
320 356
320 378
320 411
320 442
320 446
320 451
320 457
320 461
320 490
321 28
321 55
321 120
321 129
321 179
321 192
321 201
321 216
321 255
321 321
321 415
321 437
321 457
321 465
321 469
321 476
321 484
321 485
321 498
322 6
322 49
322 59
322 211
322 240
322 241
322 254
322 258
322 274
322 293
322 300
322 308
322 325
322 368
322 372
322 416
322 462
322 467
322 482
323 3
323 10
323 23
323 24
323 50
323 70
323 87
323 91
323 109
323 138
323 159
323 200
323 223
323 230
323 246
323 253
323 286
323 290
323 291
323 343
323 386
323 427
323 429
323 436
323 460
323 461
323 485
323 494
324 2
324 39
324 41
324 54
324 92
324 113
324 117
324 151
324 169
324 203
324 243
324 309
324 342
324 345
324 382
324 460
325 4
325 14
325 32
325 42
325 64
325 76
325 92
325 113
325 132
325 135
325 166
325 176
325 181
325 203
325 216
325 221
325 242
325 284
325 324
325 345
325 388
325 392
325 396
325 420
325 444
325 469
325 483
325 487
326 97
326 107
326 133
326 144
326 155
326 186
326 202
326 232
326 246
326 256
326 259
326 263
326 323
326 353
326 386
326 441
326 447
326 489
326 496
326 497
327 50
327 60
327 71
327 73
327 75
327 106
327 126
327 148
327 160
327 168
327 204
327 267
327 307
327 332
327 345
327 350
327 388
327 397
327 426
327 440
327 451
327 452
327 468
327 473
327 476
328 2
328 26
328 29
328 57
328 105
328 123
328 138
328 139
328 169
328 233
328 238
328 246
328 260
328 278
328 313
328 331
328 337
328 358
328 390
328 434
328 462
328 476
328 494
329 7
329 24
329 50
329 69
329 124
329 151
329 156
329 167
329 171
329 175
329 181
329 199
329 203
329 255
329 268
329 279
329 317
329 365
329 383
329 390
329 412
329 494
330 24
330 55
330 86
330 118
330 197
330 213
330 220
330 235
330 257
330 281
330 286
330 316
330 330
330 331
330 388
330 443
330 444
331 38
331 82
331 92
331 93
331 120
331 126
331 149
331 150
331 236
331 263
331 264
331 309
331 368
331 390
331 404
331 461
331 463
331 485
332 38
332 67
332 75
332 137
332 168
332 172
332 190
332 199
332 236
332 242
332 286
332 368
332 376
332 410
332 412
332 414
332 419
332 429
332 448
333 0
333 74
333 76
333 93
333 98
333 168
333 198
333 204
333 231
333 235
333 253
333 261
333 266
333 351
333 370
333 372
333 437
334 3
334 19
334 46
334 47
334 53
334 55
334 198
334 234
334 249
334 266
334 303
334 322
334 369
334 413
334 418
334 428
334 454
335 168
335 169
335 172
335 191
335 203
335 207
335 209
335 225
335 227
335 257
335 268
335 278
335 358
335 359
335 384
335 399
335 422
335 435
335 465
335 483
336 5
336 99
336 106
336 108
336 127
336 210
336 224
336 257
336 260
336 349
336 376
336 379
336 396
336 409
336 432
336 487
337 1
337 8
337 53
337 62
337 80
337 106
337 134
337 138
337 145
337 157
337 170
337 189
337 203
337 217
337 261
337 310
337 312
337 313
337 337
337 343
337 360
337 373
337 377
337 387
337 396
337 428
338 14
338 29
338 42
338 44
338 66
338 76
338 80
338 85
338 159
338 163
338 168
338 238
338 241
338 246
338 258
338 311
338 350
338 358
338 365
338 420
338 477
338 489
339 7
339 8
339 20
339 110
339 133
339 135
339 138
339 162
339 192
339 204
339 223
339 261
339 262
339 266
339 276
339 281
339 299
339 315
339 340
339 363
339 370
339 372
339 380
339 389
339 414
339 428
339 452
339 464
340 4
340 149
340 241
340 260
340 295
340 344
340 366
340 369
340 398
340 422
340 425
340 437
341 0
341 11
341 17
341 53
341 67
341 102
341 113
341 142
341 205
341 223
341 235
341 320
341 350
341 384
341 388
341 446
342 87
342 137
342 139
342 220
342 225
342 238
342 284
342 295
342 300
342 334
342 368
342 400
342 431
342 440
342 472
342 490
343 35
343 37
343 48
343 80
343 86
343 95
343 127
343 136
343 140
343 145
343 192
343 229
343 244
343 335
343 338
343 353
343 364
343 381
343 415
343 418
343 420
343 494
343 495
344 6
344 54
344 58
344 87
344 90
344 134
344 241
344 260
344 381
344 403
344 416
344 442
345 83
345 104
345 119
345 181
345 224
345 226
345 294
345 304
345 311
345 351
345 368
345 372
345 380
345 406
345 408
345 435
346 4
346 30
346 55
346 94
346 107
346 111
346 146
346 148
346 152
346 161
346 167
346 183
346 190
346 192
346 207
346 229
346 235
346 302
346 339
346 402
346 413
346 418
346 451
347 9
347 16
347 87
347 113
347 123
347 143
347 152
347 166
347 171
347 187
347 227
347 270
347 304
347 317
347 376
347 392
347 408
347 446
347 453
347 454
347 474
347 491
348 59
348 75
348 85
348 111
348 122
348 130
348 165
348 172
348 183
348 187
348 254
348 263
348 347
348 358
348 405
348 461
349 63
349 108
349 121
349 142
349 145
349 156
349 205
349 226
349 237
349 246
349 253
349 254
349 260
349 313
349 324
349 382
349 399
349 415
349 428
349 441
349 469
350 26
350 50
350 83
350 93
350 131
350 179
350 216
350 236
350 255
350 267
350 272
350 285
350 294
350 344
350 352
350 355
350 392
350 399
350 426
350 449
350 457
351 8
351 89
351 103
351 112
351 180
351 201
351 218
351 257
351 264
351 266
351 311
351 341
351 347
351 364
351 380
351 451
351 455
351 458
351 480
352 0
352 18
352 103
352 128
352 158
352 161
352 180
352 217
352 231
352 234
352 239
352 240
352 251
352 257
352 264
352 272
352 278
352 350
352 353
352 358
352 388
352 409
352 416
353 57
353 85
353 204
353 271
353 280
353 299
353 340
353 394
353 412
353 423
353 426
353 465
353 466
353 493
353 499
354 1
354 99
354 109
354 113
354 156
354 181
354 195
354 199
354 244
354 261
354 265
354 291
354 304
354 351
354 362
354 366
354 371
354 372
354 401
354 421
354 423
354 427
354 431
354 451
355 59
355 89
355 111
355 118
355 123
355 141
355 185
355 195
355 201
355 212
355 227
355 247
355 304
355 323
355 324
355 373
355 484
356 10
356 95
356 110
356 114
356 146
356 167
356 173
356 181
356 222
356 255
356 276
356 302
356 331
356 367
356 369
356 402
356 410
356 417
356 423
356 452
356 453
356 458
356 495
357 2
357 14
357 30
357 40
357 67
357 102
357 103
357 127
357 131
357 169
357 244
357 253
357 275
357 276
357 278
357 296
357 300
357 329
357 379
357 434
357 447
357 482
358 42
358 62
358 63
358 85
358 120
358 140
358 167
358 226
358 274
358 298
358 299
358 352
358 366
358 367
358 395
358 415
358 435
358 450
358 488
358 499
359 19
359 25
359 35
359 136
359 206
359 226
359 233
359 245
359 291
359 300
359 328
359 350
359 399
359 436
359 489
360 49
360 50
360 82
360 88
360 117
360 142
360 172
360 199
360 216
360 269
360 279
360 287
360 324
360 340
360 347
360 384
360 400
360 439
360 446
360 465
360 483
360 485
361 7
361 9
361 16
361 17
361 20
361 25
361 28
361 39
361 48
361 50
361 74
361 83
361 103
361 111
361 119
361 146
361 165
361 267
361 292
361 295
361 380
361 383
361 403
361 406
361 422
361 463
361 465
361 478
361 496
362 12
362 20
362 27
362 69
362 90
362 123
362 166
362 170
362 178
362 189
362 224
362 225
362 235
362 264
362 275
362 341
362 369
362 383
362 398
362 411
362 412
362 415
362 419
362 457
363 41
363 74
363 91
363 104
363 120
363 184
363 197
363 234
363 305
363 370
363 380
363 396
363 400
363 428
363 436
363 497
364 12
364 18
364 38
364 44
364 52
364 160
364 165
364 190
364 213
364 357
364 405
364 459
364 461
364 489
365 1
365 5
365 28
365 32
365 33
365 60
365 85
365 159
365 184
365 189
365 191
365 200
365 247
365 289
365 322
365 329
365 363
365 367
365 371
365 375
365 392
365 397
365 398
365 434
365 441
365 442
365 480
365 482
366 15
366 54
366 67
366 105
366 128
366 133
366 134
366 153
366 158
366 169
366 183
366 197
366 266
366 269
366 280
366 301
366 325
366 338
366 394
366 468
366 489
367 66
367 86
367 94
367 116
367 143
367 144
367 163
367 212
367 232
367 245
367 246
367 250
367 292
367 340
367 374
367 449
367 467
367 488
368 3
368 5
368 23
368 29
368 42
368 76
368 105
368 131
368 145
368 176
368 177
368 199
368 233
368 298
368 319
368 395
368 459
369 24
369 71
369 156
369 157
369 172
369 198
369 214
369 236
369 293
369 327
369 328
369 343
369 345
369 363
369 384
369 416
369 417
369 474
370 14
370 51
370 97
370 124
370 152
370 188
370 205
370 289
370 297
370 321
370 325
370 345
370 465
370 496
371 14
371 63
371 64
371 154
371 178
371 179
371 207
371 232
371 279
371 280
371 288
371 290
371 304
371 313
371 323
371 325
371 349
371 362
371 418
371 454
371 465
372 17
372 192
372 206
372 247
372 249
372 261
372 267
372 297
372 302
372 348
372 408
372 433
372 465
372 468
372 486
372 499
373 6
373 7
373 10
373 30
373 100
373 101
373 106
373 116
373 137
373 154
373 161
373 171
373 174
373 179
373 195
373 209
373 249
373 281
373 329
373 335
373 419
373 440
373 458
373 481
373 486
373 492
374 45
374 111
374 114
374 138
374 164
374 171
374 234
374 273
374 298
374 301
374 319
374 401
374 417
374 437
374 458
374 493
374 499
375 2
375 15
375 29
375 39
375 40
375 93
375 113
375 143
375 147
375 285
375 302
375 317
375 334
375 367
375 434
375 480
376 10
376 27
376 42
376 63
376 91
376 159
376 166
376 175
376 188
376 203
376 208
376 233
376 239
376 326
376 427
376 441
376 445
376 477
377 36
377 66
377 84
377 156
377 175
377 210
377 242
377 271
377 294
377 313
377 393
377 395
377 400
377 427
377 432
377 480
378 66
378 84
378 101
378 193
378 206
378 213
378 228
378 229
378 232
378 255
378 264
378 286
378 305
378 312
378 408
378 447
378 462
378 479
378 485
378 487
379 23
379 50
379 53
379 92
379 102
379 109
379 110
379 120
379 133
379 134
379 250
379 252
379 269
379 280
379 321
379 348
379 361
379 368
379 387
379 405
379 434
379 476
379 488
380 34
380 83
380 85
380 129
380 198
380 201
380 290
380 297
380 324
380 331
380 336
380 339
380 345
380 361
380 403
380 477
381 14
381 56
381 70
381 85
381 98
381 130
381 162
381 207
381 222
381 235
381 287
381 303
381 337
381 345
381 349
381 373
381 389
381 430
381 446
381 480
381 487
381 492
382 39
382 43
382 48
382 58
382 62
382 77
382 95
382 111
382 155
382 220
382 275
382 287
382 292
382 308
382 365
382 370
382 421
382 444
382 461
382 462
383 19
383 57
383 116
383 144
383 150
383 221
383 231
383 264
383 347
383 386
383 391
383 415
383 485
384 11
384 40
384 56
384 63
384 79
384 80
384 94
384 96
384 127
384 145
384 175
384 221
384 246
384 269
384 304
384 368
384 372
384 415
384 444
384 484
385 130
385 134
385 137
385 139
385 147
385 149
385 164
385 178
385 180
385 195
385 264
385 266
385 272
385 278
385 302
385 308
385 384
385 386
385 398
385 399
385 424
385 498
386 13
386 24
386 36
386 84
386 97
386 137
386 149
386 167
386 171
386 177
386 179
386 182
386 186
386 205
386 224
386 233
386 249
386 255
386 270
386 274
386 279
386 305
386 362
386 376
386 430
386 492
387 56
387 100
387 183
387 184
387 231
387 234
387 240
387 242
387 265
387 304
387 321
387 393
387 402
387 412
387 427
387 454
387 457
387 461
388 3
388 15
388 31
388 42
388 72
388 94
388 110
388 130
388 161
388 193
388 225
388 268
388 271
388 292
388 362
388 404
388 405
388 410
388 458
388 463
388 476
388 478
388 496
389 39
389 118
389 136
389 138
389 145
389 160
389 186
389 220
389 224
389 253
389 269
389 285
389 309
389 316
389 337
389 354
389 412
389 449
389 471
389 498
390 16
390 29
390 44
390 47
390 51
390 59
390 62
390 67
390 79
390 156
390 208
390 240
390 242
390 254
390 304
390 335
390 401
390 435
390 447
390 476
390 480
391 32
391 67
391 105
391 129
391 165
391 210
391 218
391 233
391 255
391 309
391 315
391 364
391 403
391 406
391 415
391 421
391 449
391 455
391 480
391 492
392 19
392 25
392 51
392 54
392 69
392 107
392 116
392 131
392 193
392 215
392 252
392 257
392 303
392 321
392 407
392 470
393 22
393 30
393 42
393 44
393 52
393 77
393 116
393 129
393 139
393 156
393 161
393 197
393 259
393 269
393 290
393 320
393 417
393 456
393 473
393 492
394 20
394 22
394 24
394 35
394 59
394 106
394 111
394 113
394 117
394 149
394 161
394 165
394 224
394 234
394 265
394 270
394 278
394 305
394 359
394 366
394 377
394 382
394 393
394 441
394 449
394 494
395 2
395 13
395 53
395 80
395 103
395 124
395 157
395 201
395 216
395 226
395 248
395 330
395 333
395 338
395 379
395 463
395 466
395 471
395 487
396 44
396 81
396 84
396 88
396 103
396 130
396 134
396 139
396 177
396 178
396 194
396 260
396 298
396 330
396 357
396 365
396 372
396 385
396 403
396 407
396 452
396 472
396 482
397 60
397 67
397 182
397 183
397 194
397 206
397 265
397 327
397 343
397 375
397 410
397 416
397 422
397 435
397 467
397 468
398 67
398 68
398 72
398 119
398 160
398 161
398 190
398 213
398 215
398 222
398 303
398 304
398 317
398 330
398 348
398 368
398 371
398 372
398 386
398 394
398 417
398 425
398 473
398 486
399 42
399 51
399 77
399 206
399 214
399 217
399 253
399 301
399 305
399 422
399 427
399 444
399 481
399 496
400 25
400 50
400 79
400 93
400 145
400 153
400 164
400 188
400 208
400 227
400 255
400 262
400 305
400 445
401 11
401 64
401 142
401 147
401 164
401 165
401 195
401 292
401 319
401 324
401 342
401 357
401 427
401 435
401 440
401 466
401 484
402 23
402 28
402 100
402 101
402 125
402 139
402 143
402 159
402 204
402 240
402 246
402 264
402 280
402 283
402 334
402 344
402 366
402 368
402 374
402 438
402 441
402 450
402 479
402 483
402 492
403 6
403 41
403 42
403 62
403 66
403 104
403 112
403 144
403 151
403 277
403 289
403 299
403 316
403 360
403 396
403 418
404 23
404 79
404 132
404 222
404 226
404 227
404 237
404 255
404 278
404 296
404 298
404 318
404 325
404 338
404 339
404 350
404 413
404 422
404 434
404 445
404 460
404 487
404 492
405 8
405 64
405 73
405 128
405 137
405 184
405 190
405 196
405 210
405 214
405 216
405 257
405 261
405 289
405 307
405 389
405 393
405 415
405 466
405 489
406 42
406 68
406 82
406 88
406 129
406 162
406 188
406 231
406 265
406 290
406 358
406 479
406 484
406 495
406 499
407 16
407 43
407 44
407 76
407 153
407 175
407 262
407 269
407 271
407 272
407 303
407 339
407 365
407 459
407 483
407 490
408 0
408 5
408 45
408 61
408 74
408 88
408 90
408 133
408 141
408 187
408 189
408 204
408 258
408 262
408 270
408 286
408 313
408 329
408 352
408 353
408 356
408 381
408 393
408 410
408 429
408 497
409 12
409 66
409 69
409 114
409 129
409 171
409 186
409 187
409 246
409 267
409 295
409 315
409 347
409 354
409 365
409 385
409 457
409 459
409 478
410 28
410 61
410 163
410 188
410 213
410 233
410 236
410 255
410 260
410 339
410 340
410 348
410 373
410 381
410 394
410 409
410 448
410 449
411 9
411 15
411 50
411 75
411 92
411 125
411 127
411 146
411 168
411 170
411 186
411 304
411 332
411 365
411 371
411 388
411 429
411 449
411 495
412 38
412 39
412 42
412 108
412 127
412 159
412 173
412 207
412 236
412 276
412 312
412 332
412 337
412 411
412 421
412 441
412 479
413 26
413 40
413 100
413 102
413 105
413 132
413 173
413 210
413 259
413 298
413 322
413 368
413 370
413 420
413 456
413 458
413 491
414 21
414 40
414 48
414 52
414 57
414 62
414 67
414 131
414 162
414 177
414 182
414 187
414 214
414 255
414 375
414 421
414 424
414 458
414 476
415 15
415 51
415 53
415 66
415 154
415 222
415 284
415 368
415 389
415 419
415 458
415 496
416 52
416 57
416 76
416 79
416 89
416 119
416 168
416 172
416 195
416 249
416 283
416 285
416 347
416 355
416 428
416 439
416 468
417 38
417 55
417 58
417 105
417 108
417 124
417 160
417 164
417 194
417 216
417 254
417 274
417 330
417 339
417 354
417 380
417 384
417 413
417 441
417 451
417 469
417 496
418 6
418 14
418 42
418 62
418 91
418 99
418 110
418 123
418 156
418 200
418 213
418 238
418 255
418 258
418 343
418 353
418 357
418 393
418 409
418 443
419 11
419 120
419 151
419 161
419 181
419 205
419 220
419 257
419 282
419 349
419 431
420 152
420 165
420 224
420 249
420 341
420 365
420 398
420 421
421 55
421 62
421 63
421 86
421 116
421 159
421 167
421 200
421 205
421 258
421 278
421 301
421 320
421 373
421 380
421 387
421 406
421 419
421 438
421 470
421 472
422 4
422 33
422 34
422 47
422 51
422 114
422 124
422 135
422 148
422 152
422 178
422 185
422 187
422 269
422 305
422 308
422 318
422 360
422 392
422 398
422 402
422 447
422 449
422 475
423 18
423 21
423 32
423 35
423 89
423 103
423 136
423 138
423 156
423 206
423 207
423 220
423 247
423 270
423 289
423 317
423 338
423 345
423 352
423 372
423 382
423 409
423 413
423 416
423 417
423 440
424 56
424 99
424 113
424 128
424 137
424 163
424 195
424 206
424 207
424 255
424 258
424 332
424 348
424 354
424 366
425 108
425 154
425 157
425 163
425 184
425 206
425 262
425 265
425 273
425 291
425 402
425 440
425 441
425 460
425 483
425 489
426 26
426 41
426 60
426 67
426 70
426 91
426 116
426 120
426 149
426 153
426 193
426 198
426 244
426 300
426 307
426 317
426 364
426 401
426 466
426 482
427 5
427 13
427 21
427 42
427 69
427 76
427 80
427 107
427 178
427 195
427 227
427 236
427 243
427 245
427 252
427 302
427 322
427 324
427 329
427 337
427 390
427 403
427 404
427 426
427 444
427 447
427 450
427 457
427 462
427 470
427 473
428 6
428 19
428 29
428 100
428 177
428 192
428 236
428 242
428 244
428 271
428 276
428 297
428 298
428 346
428 360
428 371
428 378
428 403
428 416
428 451
428 460
428 474
428 482
428 491
429 28
429 39
429 43
429 53
429 88
429 105
429 108
429 110
429 114
429 127
429 145
429 173
429 178
429 180
429 277
429 296
429 302
429 390
429 395
429 445
429 497
430 39
430 54
430 62
430 126
430 138
430 161
430 223
430 253
430 256
430 263
430 326
430 330
430 349
430 422
430 436
430 438
430 467
431 17
431 51
431 53
431 58
431 67
431 70
431 87
431 97
431 123
431 128
431 206
431 244
431 246
431 260
431 270
431 280
431 287
431 310
431 324
431 330
431 391
431 412
431 456
431 462
431 487
432 3
432 6
432 26
432 34
432 48
432 51
432 54
432 60
432 66
432 116
432 127
432 129
432 154
432 189
432 194
432 239
432 281
432 286
432 321
432 327
432 382
432 390
432 428
432 472
432 477
432 485
433 2
433 6
433 27
433 41
433 42
433 90
433 113
433 118
433 163
433 297
433 347
433 375
433 394
433 400
433 426
433 452
433 458
433 481
433 484
433 490
434 110
434 123
434 162
434 165
434 169
434 190
434 257
434 273
434 274
434 337
434 352
434 364
434 375
434 378
434 438
434 442
434 448
434 494
434 499
435 10
435 36
435 38
435 83
435 86
435 91
435 96
435 129
435 130
435 140
435 254
435 352
435 353
435 397
435 455
436 33
436 37
436 38
436 68
436 107
436 131
436 139
436 141
436 231
436 248
436 275
436 291
436 294
436 305
436 333
436 424
436 460
437 27
437 70
437 71
437 84
437 150
437 182
437 228
437 263
437 353
437 365
437 366
437 452
437 456
437 470
438 38
438 48
438 49
438 56
438 57
438 112
438 134
438 171
438 178
438 203
438 207
438 312
438 320
438 420
438 465
438 473
438 482
438 496
439 13
439 51
439 53
439 65
439 74
439 119
439 128
439 132
439 153
439 177
439 187
439 188
439 189
439 192
439 202
439 233
439 263
439 302
439 311
439 320
439 334
439 388
439 406
439 491
440 37
440 38
440 57
440 80
440 112
440 126
440 139
440 167
440 184
440 185
440 186
440 189
440 215
440 229
440 271
440 293
440 427
440 428
440 437
440 451
440 499
441 10
441 38
441 48
441 72
441 175
441 229
441 231
441 232
441 238
441 264
441 285
441 288
441 293
441 321
441 384
441 476
441 498
442 46
442 97
442 123
442 127
442 137
442 161
442 181
442 198
442 204
442 273
442 280
442 310
442 319
442 348
442 479
442 489
442 497
443 79
443 120
443 143
443 150
443 168
443 212
443 234
443 263
443 289
443 308
443 334
443 345
443 484
443 486
444 21
444 23
444 30
444 41
444 49
444 56
444 62
444 119
444 121
444 123
444 126
444 134
444 142
444 143
444 152
444 187
444 197
444 202
444 212
444 239
444 249
444 264
444 280
444 326
444 359
444 422
445 12
445 52
445 84
445 101
445 116
445 148
445 211
445 215
445 223
445 256
445 283
445 311
445 325
445 336
445 360
445 425
445 426
445 443
445 449
445 456
446 12
446 39
446 66
446 89
446 96
446 122
446 138
446 167
446 219
446 276
446 290
446 306
446 310
446 339
446 417
446 424
446 454
446 464
446 483
447 1
447 28
447 29
447 40
447 122
447 161
447 196
447 207
447 217
447 233
447 274
447 300
447 331
447 352
447 364
447 389
447 448
447 451
447 487
448 71
448 132
448 143
448 153
448 155
448 187
448 249
448 250
448 257
448 272
448 278
448 294
448 310
448 325
448 340
448 352
448 365
448 366
448 372
448 400
448 448
448 477
448 486
449 29
449 32
449 60
449 78
449 105
449 120
449 146
449 166
449 190
449 224
449 244
449 253
449 272
449 286
449 289
449 290
449 297
449 350
449 355
449 414
449 437
449 465
450 30
450 54
450 116
450 120
450 121
450 131
450 145
450 164
450 183
450 222
450 271
450 325
450 329
450 336
450 353
450 360
450 382
450 390
450 491
450 498
451 18
451 21
451 56
451 57
451 109
451 148
451 163
451 214
451 245
451 250
451 322
451 333
451 337
451 373
451 375
451 407
451 430
451 448
451 458
451 463
451 483
452 12
452 17
452 79
452 112
452 120
452 163
452 167
452 181
452 186
452 187
452 190
452 194
452 225
452 254
452 256
452 258
452 282
452 317
452 358
452 399
452 401
452 414
452 441
452 450
452 465
452 477
452 482
453 20
453 117
453 135
453 189
453 207
453 226
453 234
453 275
453 283
453 308
453 348
453 385
453 468
454 5
454 8
454 10
454 15
454 22
454 28
454 69
454 74
454 84
454 91
454 167
454 171
454 198
454 201
454 202
454 223
454 226
454 227
454 250
454 271
454 281
454 286
454 308
454 357
454 409
454 443
455 43
455 51
455 95
455 106
455 114
455 122
455 137
455 147
455 230
455 276
455 307
455 317
455 409
455 423
455 428
455 440
455 465
455 471
456 46
456 47
456 64
456 80
456 90
456 115
456 126
456 139
456 152
456 153
456 162
456 180
456 200
456 204
456 228
456 250
456 252
456 259
456 357
456 373
456 376
456 383
456 426
456 479
457 15
457 21
457 58
457 74
457 132
457 164
457 197
457 204
457 238
457 301
457 332
457 359
457 370
457 413
457 432
457 459
458 17
458 54
458 138
458 139
458 146
458 160
458 168
458 221
458 246
458 271
458 289
458 312
458 330
458 350
458 356
458 370
458 375
458 477
458 498
459 32
459 58
459 80
459 133
459 216
459 254
459 257
459 273
459 274
459 304
459 317
459 347
459 370
459 384
459 386
459 402
459 432
459 444
459 466
459 478
460 23
460 32
460 50
460 55
460 71
460 76
460 108
460 139
460 142
460 154
460 166
460 173
460 176
460 207
460 231
460 261
460 283
460 304
460 323
460 347
460 389
460 398
460 417
460 433
460 446
460 451
460 471
460 483
461 19
461 41
461 162
461 194
461 228
461 232
461 254
461 261
461 264
461 293
461 314
461 316
461 318
461 351
461 377
461 378
461 386
461 410
461 415
461 452
461 487
461 491
462 17
462 53
462 103
462 113
462 116
462 119
462 160
462 179
462 244
462 269
462 297
462 301
462 371
462 386
462 431
462 435
462 439
462 453
462 461
463 55
463 71
463 82
463 98
463 136
463 181
463 215
463 229
463 231
463 249
463 270
463 439
463 467
464 11
464 38
464 107
464 172
464 193
464 213
464 245
464 266
464 268
464 269
464 288
464 310
464 327
464 343
464 355
464 439
465 24
465 31
465 58
465 74
465 96
465 109
465 172
465 209
465 217
465 218
465 292
465 314
465 318
465 332
465 451
465 467
466 37
466 129
466 181
466 191
466 197
466 271
466 286
466 304
466 320
466 343
466 349
466 384
466 394
466 402
467 7
467 14
467 101
467 226
467 240
467 254
467 282
467 312
467 350
467 358
467 363
467 367
467 376
467 377
467 382
467 412
467 423
467 458
467 467
467 477
468 71
468 108
468 144
468 156
468 162
468 190
468 198
468 211
468 213
468 214
468 253
468 265
468 331
468 342
468 359
468 376
468 383
468 398
468 466
468 476
469 27
469 28
469 35
469 80
469 106
469 110
469 136
469 180
469 205
469 210
469 238
469 246
469 247
469 272
469 290
469 304
469 310
469 329
469 340
469 411
469 416
470 53
470 54
470 59
470 62
470 66
470 67
470 72
470 78
470 107
470 109
470 119
470 121
470 152
470 183
470 201
470 236
470 238
470 241
470 257
470 296
470 344
470 352
470 362
470 391
470 402
471 92
471 96
471 115
471 145
471 215
471 228
471 229
471 252
471 256
471 363
471 367
471 384
471 419
471 452
471 477
472 22
472 32
472 63
472 65
472 108
472 138
472 172
472 179
472 189
472 203
472 228
472 242
472 249
472 277
472 300
472 302
472 305
472 352
472 360
472 378
472 380
472 389
472 414
472 422
472 425
472 444
472 466
472 476
472 478
472 481
473 3
473 74
473 103
473 126
473 131
473 149
473 151
473 154
473 176
473 189
473 216
473 222
473 232
473 254
473 275
473 301
473 343
473 401
473 425
473 437
473 464
474 72
474 92
474 118
474 121
474 168
474 188
474 197
474 246
474 270
474 279
474 299
474 366
474 367
474 372
474 389
474 397
474 401
474 414
474 419
474 439
474 495
475 11
475 33
475 50
475 69
475 119
475 136
475 146
475 169
475 188
475 203
475 279
475 309
475 323
475 328
475 336
475 353
475 375
475 395
475 414
475 417
475 449
476 1
476 40
476 83
476 92
476 125
476 142
476 148
476 153
476 164
476 182
476 187
476 216
476 331
476 338
476 342
476 356
476 377
476 379
476 391
476 460
476 461
476 475
476 476
476 490
476 495
476 499
477 105
477 141
477 171
477 185
477 208
477 217
477 273
477 307
477 321
477 341
477 353
477 376
477 379
477 476
478 10
478 21
478 37
478 45
478 59
478 65
478 71
478 86
478 88
478 120
478 124
478 168
478 174
478 206
478 254
478 352
478 353
478 399
478 402
478 410
478 480
479 29
479 61
479 85
479 89
479 121
479 130
479 147
479 179
479 192
479 204
479 206
479 221
479 263
479 264
479 287
479 312
479 367
479 382
479 429
479 498
480 15
480 18
480 67
480 98
480 106
480 160
480 166
480 219
480 226
480 228
480 236
480 256
480 257
480 331
480 340
480 343
480 365
480 372
480 381
480 393
480 398
480 442
480 447
480 456
480 467
481 2
481 6
481 14
481 35
481 63
481 85
481 169
481 175
481 177
481 243
481 245
481 246
481 247
481 361
481 373
481 424
481 426
481 453
481 475
482 13
482 60
482 86
482 91
482 113
482 121
482 151
482 159
482 181
482 281
482 314
482 346
482 432
482 458
483 20
483 45
483 50
483 55
483 85
483 119
483 154
483 203
483 233
483 241
483 276
483 323
483 339
483 428
483 450
483 455
483 463
484 10
484 29
484 44
484 87
484 100
484 131
484 146
484 147
484 158
484 194
484 196
484 217
484 229
484 232
484 255
484 266
484 290
484 300
484 314
484 353
484 394
484 409
484 420
484 422
484 433
484 455
484 462
484 475
484 482
484 486
485 6
485 44
485 50
485 56
485 89
485 100
485 130
485 135
485 204
485 218
485 233
485 239
485 245
485 287
485 292
485 317
485 318
485 370
485 385
485 429
485 442
485 448
485 457
485 481
485 491
485 495
486 38
486 56
486 75
486 136
486 158
486 172
486 190
486 201
486 243
486 249
486 250
486 253
486 256
486 268
486 276
486 299
486 315
486 321
486 327
486 328
486 352
486 363
486 388
486 424
486 434
486 486
486 499
487 56
487 90
487 122
487 132
487 137
487 166
487 216
487 245
487 248
487 302
487 313
487 343
487 356
487 388
487 391
487 415
487 431
487 453
487 472
487 486
487 497
488 23
488 36
488 52
488 61
488 68
488 72
488 101
488 158
488 177
488 188
488 236
488 317
488 338
488 394
488 424
488 432
488 439
488 461
489 25
489 91
489 118
489 138
489 174
489 183
489 190
489 203
489 215
489 220
489 230
489 238
489 248
489 282
489 284
489 331
489 332
489 367
489 419
489 451
489 465
490 18
490 82
490 83
490 88
490 131
490 132
490 179
490 197
490 257
490 305
490 328
490 335
490 376
490 379
490 388
490 426
490 433
490 449
490 456
490 488
490 499
491 19
491 24
491 51
491 79
491 84
491 85
491 120
491 146
491 154
491 168
491 172
491 201
491 210
491 223
491 236
491 260
491 297
491 348
491 376
491 387
491 403
491 451
491 473
492 20
492 30
492 48
492 53
492 86
492 109
492 181
492 197
492 200
492 226
492 241
492 249
492 269
492 270
492 286
492 305
492 374
492 413
492 421
492 424
492 425
492 480
492 489
493 3
493 32
493 170
493 205
493 219
493 244
493 279
493 299
493 304
493 311
493 341
493 358
493 390
493 402
493 418
493 424
493 431
493 443
493 445
493 449
493 453
493 455
493 467
494 4
494 43
494 88
494 91
494 108
494 181
494 187
494 273
494 293
494 300
494 308
494 319
494 330
494 354
494 360
494 377
494 404
494 471
494 478
494 483
494 490
495 4
495 29
495 40
495 82
495 95
495 110
495 141
495 154
495 202
495 208
495 221
495 301
495 317
495 340
495 343
495 360
495 380
495 402
495 422
495 429
495 440
495 442
495 447
495 464
495 474
496 16
496 73
496 155
496 156
496 160
496 235
496 252
496 261
496 281
496 341
496 367
496 373
496 409
496 418
496 440
496 470
496 478
496 496
497 0
497 13
497 33
497 59
497 74
497 113
497 121
497 138
497 143
497 161
497 168
497 202
497 225
497 283
497 288
497 304
497 318
497 326
497 351
497 353
497 360
497 367
497 374
497 382
497 385
497 390
497 403
497 420
497 438
497 448
497 477
497 485
497 497
498 12
498 23
498 81
498 101
498 124
498 180
498 205
498 255
498 257
498 283
498 306
498 327
498 340
498 382
498 387
498 455
498 498
499 48
499 80
499 89
499 92
499 108
499 160
499 270
499 284
499 301
499 321
499 351
499 370
499 411
499 451
499 477
499 489